                            Pressao(psi)                 Vazao c/ skin (STB/day)                 Vazao s/ skin (STB/day)
                                    3000                                       0                                       0
                                    2950                                 8.00643                                 23.1726
                                    2900                                 16.0129                                 46.3451
                                    2850                                 24.0193                                 69.5177
                                    2800                                 32.0257                                 92.6902
                                    2750                                 40.0321                                 115.863
                                    2700                                 48.0386                                 139.035
                                    2650                                  56.045                                 162.208
                                    2600                                 64.0514                                  185.38
                                    2550                                 72.0579                                 208.553
                                    2500                                 80.0643                                 231.726
